Best Valeur for ValeurSomme =,7044.148854159403
x,y,centroid_x,centroid_x
34.938,-1.013,33.14032307692308,0.7048769230769237
50.385,-5.659,39.63717142857143,-10.59562857142857
-38.268,-29.443,-37.60887000000002,-16.999239999999997
-36.296,21.152,-37.60887000000002,-16.999239999999997
26.568,41.072,38.356829999999995,47.02980000000001
41.244,41.389,38.356829999999995,47.02980000000001
37.387,45.813,38.356829999999995,47.02980000000001
-30.529,4.889,-37.60887000000002,-16.999239999999997
25.717,36.532,38.356829999999995,47.02980000000001
40.267,33.819,38.356829999999995,47.02980000000001
-39.78,20.801,-37.60887000000002,-16.999239999999997
38.968,50.388,38.356829999999995,47.02980000000001
32.867,0.715,33.14032307692308,0.7048769230769237
30.197,-3.635,33.14032307692308,0.7048769230769237
33.633,40.339,38.356829999999995,47.02980000000001
-17.713,17.491,-37.60887000000002,-16.999239999999997
45.554,31.105,38.356829999999995,47.02980000000001
-56.518,-55.273,-37.60887000000002,-16.999239999999997
-17.114,11.772,-37.60887000000002,-16.999239999999997
24.818,8.241,33.14032307692308,0.7048769230769237
36.166,-4.194,33.14032307692308,0.7048769230769237
45.533,-9.122,39.63717142857143,-10.59562857142857
-52.037,-43.036,-37.60887000000002,-16.999239999999997
-27.082,7.209,-37.60887000000002,-16.999239999999997
-35.522,-26.787,-37.60887000000002,-16.999239999999997
42.818,-7.566,39.63717142857143,-10.59562857142857
29.19,-19.243,39.63717142857143,-10.59562857142857
36.577,45.193,38.356829999999995,47.02980000000001
36.367,10.268,33.14032307692308,0.7048769230769237
-37.951,-35.81,-37.60887000000002,-16.999239999999997
-32.394,17.761,-37.60887000000002,-16.999239999999997
-47.217,-40.186,-37.60887000000002,-16.999239999999997
-36.841,0.188,-37.60887000000002,-16.999239999999997
36.092,50.156,38.356829999999995,47.02980000000001
-37.787,8.766,-37.60887000000002,-16.999239999999997
-20.714,11.51,-37.60887000000002,-16.999239999999997
26.859,6.83,33.14032307692308,0.7048769230769237
31.764,-1.632,33.14032307692308,0.7048769230769237
30.096,37.719,38.356829999999995,47.02980000000001
-46.868,-44.417,-37.60887000000002,-16.999239999999997
-54.84,-44.24,-37.60887000000002,-16.999239999999997
43.579,51.341,38.356829999999995,47.02980000000001
-57.33,-40.845,-37.60887000000002,-16.999239999999997
-31.352,7.291,-37.60887000000002,-16.999239999999997
-64.175,-43.375,-37.60887000000002,-16.999239999999997
-14.559,11.937,-37.60887000000002,-16.999239999999997
-29.566,-31.262,-37.60887000000002,-16.999239999999997
56.707,39.309,38.356829999999995,47.02980000000001
-34.897,14.869,-37.60887000000002,-16.999239999999997
25.042,-10.622,33.14032307692308,0.7048769230769237
-33.064,6.947,-37.60887000000002,-16.999239999999997
32.869,32.496,38.356829999999995,47.02980000000001
42.087,8.822,33.14032307692308,0.7048769230769237
-40.858,-38.866,-37.60887000000002,-16.999239999999997
-21.717,-4.345,-37.60887000000002,-16.999239999999997
-32.834,9.212,-37.60887000000002,-16.999239999999997
48.096,2.876,33.14032307692308,0.7048769230769237
-48.584,-44.398,-37.60887000000002,-16.999239999999997
-30.7,5.882,-37.60887000000002,-16.999239999999997
-49.31,-28.349,-37.60887000000002,-16.999239999999997
-63.416,-34.5,-37.60887000000002,-16.999239999999997
50.209,60.563,38.356829999999995,47.02980000000001
43.009,56.39,38.356829999999995,47.02980000000001
27.249,-5.99,33.14032307692308,0.7048769230769237
-49.781,-50.204,-37.60887000000002,-16.999239999999997
-50.373,-37.11,-37.60887000000002,-16.999239999999997
16.467,4.07,33.14032307692308,0.7048769230769237
-40.582,-53.551,-37.60887000000002,-16.999239999999997
-25.163,-4.694,-37.60887000000002,-16.999239999999997
47.149,62.488,38.356829999999995,47.02980000000001
36.646,7.121,33.14032307692308,0.7048769230769237
46.325,43.193,38.356829999999995,47.02980000000001
34.403,1.257,33.14032307692308,0.7048769230769237
-55.318,-43.818,-37.60887000000002,-16.999239999999997
-43.759,-33.661,-37.60887000000002,-16.999239999999997
-49.071,-43.133,-37.60887000000002,-16.999239999999997
-31.868,-40.24,-37.60887000000002,-16.999239999999997
48.019,59.704,38.356829999999995,47.02980000000001
-30.562,-49.844,-37.60887000000002,-16.999239999999997
-37.79,-35.613,-37.60887000000002,-16.999239999999997
42.89,2.957,33.14032307692308,0.7048769230769237
36.472,10.844,33.14032307692308,0.7048769230769237
34.61,47.491,38.356829999999995,47.02980000000001
37.926,-6.21,39.63717142857143,-10.59562857142857
36.9,47.243,38.356829999999995,47.02980000000001
-33.581,-36.03,-37.60887000000002,-16.999239999999997
-24.988,3.772,-37.60887000000002,-16.999239999999997
-40.213,-58.766,-37.60887000000002,-16.999239999999997
-45.044,6.154,-37.60887000000002,-16.999239999999997
54.385,-1.527,39.63717142857143,-10.59562857142857
43.078,48.995,38.356829999999995,47.02980000000001
23.905,54.966,38.356829999999995,47.02980000000001
35.36,0.936,33.14032307692308,0.7048769230769237
44.513,46.635,38.356829999999995,47.02980000000001
-28.194,-35.061,-37.60887000000002,-16.999239999999997
-46.631,5.815,-37.60887000000002,-16.999239999999997
30.154,-2.236,33.14032307692308,0.7048769230769237
-50.022,-41.323,-37.60887000000002,-16.999239999999997
40.37,33.525,38.356829999999995,47.02980000000001
31.666,49.199,38.356829999999995,47.02980000000001
-31.591,11.096,-37.60887000000002,-16.999239999999997
31.97,4.451,33.14032307692308,0.7048769230769237
-45.897,-41.541,-37.60887000000002,-16.999239999999997
32.035,55.606,38.356829999999995,47.02980000000001
-50.412,-38.806,-37.60887000000002,-16.999239999999997
-36.81,-39.668,-37.60887000000002,-16.999239999999997
-26.518,-6.47,-37.60887000000002,-16.999239999999997
47.156,35.016,38.356829999999995,47.02980000000001
-38.129,8.159,-37.60887000000002,-16.999239999999997
-38.365,-27.351,-37.60887000000002,-16.999239999999997
50.945,62.766,38.356829999999995,47.02980000000001
-28.123,4.193,-37.60887000000002,-16.999239999999997
-39.738,-50.511,-37.60887000000002,-16.999239999999997
34.855,46.366,38.356829999999995,47.02980000000001
26.291,34.461,38.356829999999995,47.02980000000001
34.307,50.647,38.356829999999995,47.02980000000001
54.392,54.948,38.356829999999995,47.02980000000001
-29.246,23.542,-37.60887000000002,-16.999239999999997
39.24,44.579,38.356829999999995,47.02980000000001
51.421,37.359,38.356829999999995,47.02980000000001
-35.79,21.341,-37.60887000000002,-16.999239999999997
31.848,55.727,38.356829999999995,47.02980000000001
-50.502,-36.606,-37.60887000000002,-16.999239999999997
18.025,4.509,33.14032307692308,0.7048769230769237
38.534,34.287,38.356829999999995,47.02980000000001
46.056,-8.95,39.63717142857143,-10.59562857142857
-35.362,23.882,-37.60887000000002,-16.999239999999997
-42.77,-58.082,-37.60887000000002,-16.999239999999997
-31.391,10.462,-37.60887000000002,-16.999239999999997
38.214,51.98,38.356829999999995,47.02980000000001
-45.399,1.989,-37.60887000000002,-16.999239999999997
-19.807,-1.868,-37.60887000000002,-16.999239999999997
33.365,-14.345,39.63717142857143,-10.59562857142857
-50.663,-40.252,-37.60887000000002,-16.999239999999997
-38.199,-55.124,-37.60887000000002,-16.999239999999997
46.276,-6.975,39.63717142857143,-10.59562857142857
-35.087,6.872,-37.60887000000002,-16.999239999999997
41.571,50.177,38.356829999999995,47.02980000000001
-41.492,13.324,-37.60887000000002,-16.999239999999997
47.461,56.163,38.356829999999995,47.02980000000001
32.062,52.096,38.356829999999995,47.02980000000001
31.323,44.775,38.356829999999995,47.02980000000001
-31.148,-6.511,-37.60887000000002,-16.999239999999997
-41.756,-59.434,-37.60887000000002,-16.999239999999997
-29.07,8.852,-37.60887000000002,-16.999239999999997
-36.847,-36.422,-37.60887000000002,-16.999239999999997
20.899,5.385,33.14032307692308,0.7048769230769237
-54.414,-31.274,-37.60887000000002,-16.999239999999997
42.277,-11.097,39.63717142857143,-10.59562857142857
-28.557,7.096,-37.60887000000002,-16.999239999999997
-46.624,-4.714,-37.60887000000002,-16.999239999999997
-43.475,-42.806,-37.60887000000002,-16.999239999999997
29.219,-6.251,33.14032307692308,0.7048769230769237
-24.603,23.335,-37.60887000000002,-16.999239999999997
41.443,1.048,33.14032307692308,0.7048769230769237
-25.423,-45.725,-37.60887000000002,-16.999239999999997
49.528,48.656,38.356829999999995,47.02980000000001
-30.388,5.053,-37.60887000000002,-16.999239999999997
39.169,-6.05,39.63717142857143,-10.59562857142857
20.514,-15.493,39.63717142857143,-10.59562857142857
-48.275,-36.576,-37.60887000000002,-16.999239999999997
23.763,37.125,38.356829999999995,47.02980000000001
-18.818,14.154,-37.60887000000002,-16.999239999999997
35.261,-6.989,39.63717142857143,-10.59562857142857
-27.71,20.289,-37.60887000000002,-16.999239999999997
36.017,-9.597,39.63717142857143,-10.59562857142857
-25.748,-9.228,-37.60887000000002,-16.999239999999997
38.22,-3.519,33.14032307692308,0.7048769230769237
-27.551,6.72,-37.60887000000002,-16.999239999999997
26.708,3.49,33.14032307692308,0.7048769230769237
37.06,-7.705,39.63717142857143,-10.59562857142857
-45.442,-25.534,-37.60887000000002,-16.999239999999997
26.133,44.142,38.356829999999995,47.02980000000001
-30.284,-54.229,-37.60887000000002,-16.999239999999997
39.664,-10.545,39.63717142857143,-10.59562857142857
25.883,2.144,33.14032307692308,0.7048769230769237
-28.003,12.352,-37.60887000000002,-16.999239999999997
49.709,60.566,38.356829999999995,47.02980000000001
-37.051,-38.112,-37.60887000000002,-16.999239999999997
39.089,-10.091,39.63717142857143,-10.59562857142857
29.254,-18.407,39.63717142857143,-10.59562857142857
43.179,8.942,33.14032307692308,0.7048769230769237
21.981,11.828,33.14032307692308,0.7048769230769237
29.787,53.188,38.356829999999995,47.02980000000001
-46.106,-39.552,-37.60887000000002,-16.999239999999997
28.53,60.144,38.356829999999995,47.02980000000001
-15.346,6.477,-37.60887000000002,-16.999239999999997
-52.884,-35.049,-37.60887000000002,-16.999239999999997
-22.05,-7.916,-37.60887000000002,-16.999239999999997
42.646,54.806,38.356829999999995,47.02980000000001
41.559,-13.551,39.63717142857143,-10.59562857142857
32.243,-3.73,33.14032307692308,0.7048769230769237
-43.842,-44.866,-37.60887000000002,-16.999239999999997
-30.837,5.258,-37.60887000000002,-16.999239999999997
-44.35,10.189,-37.60887000000002,-16.999239999999997
32.195,0.959,33.14032307692308,0.7048769230769237
23.325,4.117,33.14032307692308,0.7048769230769237
40.084,49.802,38.356829999999995,47.02980000000001
-41.839,-6.374,-37.60887000000002,-16.999239999999997
-27.938,10.484,-37.60887000000002,-16.999239999999997
-42.371,-48.417,-37.60887000000002,-16.999239999999997
-33.249,4.738,-37.60887000000002,-16.999239999999997
-35.8,6.745,-37.60887000000002,-16.999239999999997
36.104,-2.46,33.14032307692308,0.7048769230769237
43.476,47.832,38.356829999999995,47.02980000000001
32.928,-1.066,33.14032307692308,0.7048769230769237
-32.195,-10.858,-37.60887000000002,-16.999239999999997
-53.392,-28.242,-37.60887000000002,-16.999239999999997
-53.806,-51.985,-37.60887000000002,-16.999239999999997
-43.52,-37.946,-37.60887000000002,-16.999239999999997
34.172,-4.733,33.14032307692308,0.7048769230769237
-46.593,-52.238,-37.60887000000002,-16.999239999999997
34.733,0.183,33.14032307692308,0.7048769230769237
44.492,31.73,38.356829999999995,47.02980000000001
28.581,0.105,33.14032307692308,0.7048769230769237
52.355,46.136,38.356829999999995,47.02980000000001
-43.411,-28.382,-37.60887000000002,-16.999239999999997
36.541,-2.199,33.14032307692308,0.7048769230769237
39.21,-2.315,33.14032307692308,0.7048769230769237
-38.482,-46.253,-37.60887000000002,-16.999239999999997
-43.283,-36.773,-37.60887000000002,-16.999239999999997
28.66,44.0,38.356829999999995,47.02980000000001
48.225,0.019,39.63717142857143,-10.59562857142857
33.134,-4.117,33.14032307692308,0.7048769230769237
-33.845,3.537,-37.60887000000002,-16.999239999999997
-31.535,7.187,-37.60887000000002,-16.999239999999997
-51.392,-39.05,-37.60887000000002,-16.999239999999997
43.484,6.998,33.14032307692308,0.7048769230769237
50.06,46.575,38.356829999999995,47.02980000000001
-39.949,-38.698,-37.60887000000002,-16.999239999999997
-33.832,5.729,-37.60887000000002,-16.999239999999997
33.428,57.751,38.356829999999995,47.02980000000001
-49.652,-47.125,-37.60887000000002,-16.999239999999997
35.263,44.438,38.356829999999995,47.02980000000001
41.639,49.027,38.356829999999995,47.02980000000001
55.108,56.323,38.356829999999995,47.02980000000001
-25.46,2.122,-37.60887000000002,-16.999239999999997
41.947,48.308,38.356829999999995,47.02980000000001
-46.006,-51.401,-37.60887000000002,-16.999239999999997
47.312,-0.73,39.63717142857143,-10.59562857142857
43.394,-16.885,39.63717142857143,-10.59562857142857
-38.07,16.835,-37.60887000000002,-16.999239999999997
-50.475,-37.031,-37.60887000000002,-16.999239999999997
-31.558,-5.026,-37.60887000000002,-16.999239999999997
-31.033,12.218,-37.60887000000002,-16.999239999999997
38.386,45.51,38.356829999999995,47.02980000000001
45.086,36.906,38.356829999999995,47.02980000000001
-28.025,0.857,-37.60887000000002,-16.999239999999997
52.43,6.608,33.14032307692308,0.7048769230769237
44.673,-17.327,39.63717142857143,-10.59562857142857
-60.33,-42.531,-37.60887000000002,-16.999239999999997
-40.752,-51.539,-37.60887000000002,-16.999239999999997
42.025,11.283,33.14032307692308,0.7048769230769237
31.634,-1.684,33.14032307692308,0.7048769230769237
-39.106,-41.222,-37.60887000000002,-16.999239999999997
-47.302,8.025,-37.60887000000002,-16.999239999999997
-46.644,-40.165,-37.60887000000002,-16.999239999999997
-28.985,-38.45,-37.60887000000002,-16.999239999999997
35.154,2.182,33.14032307692308,0.7048769230769237
23.064,51.837,38.356829999999995,47.02980000000001
43.984,-8.707,39.63717142857143,-10.59562857142857
29.761,-7.96,33.14032307692308,0.7048769230769237
30.352,-8.896,39.63717142857143,-10.59562857142857
29.349,-9.902,39.63717142857143,-10.59562857142857
37.056,44.918,38.356829999999995,47.02980000000001
-28.286,-32.174,-37.60887000000002,-16.999239999999997
-19.516,11.299,-37.60887000000002,-16.999239999999997
54.264,45.413,38.356829999999995,47.02980000000001
-34.228,-49.986,-37.60887000000002,-16.999239999999997
38.31,46.889,38.356829999999995,47.02980000000001
21.762,56.841,38.356829999999995,47.02980000000001
-13.941,7.184,-37.60887000000002,-16.999239999999997
40.025,35.226,38.356829999999995,47.02980000000001
-59.609,-49.195,-37.60887000000002,-16.999239999999997
28.63,0.942,33.14032307692308,0.7048769230769237
43.142,-8.013,39.63717142857143,-10.59562857142857
32.716,-2.293,33.14032307692308,0.7048769230769237
38.58,52.604,38.356829999999995,47.02980000000001
33.1,-3.44,33.14032307692308,0.7048769230769237
-30.066,-37.098,-37.60887000000002,-16.999239999999997
-37.756,-33.09,-37.60887000000002,-16.999239999999997
-35.868,6.431,-37.60887000000002,-16.999239999999997
30.297,-8.136,33.14032307692308,0.7048769230769237
26.494,53.319,38.356829999999995,47.02980000000001
-34.969,4.203,-37.60887000000002,-16.999239999999997
-50.887,-31.089,-37.60887000000002,-16.999239999999997
31.644,56.676,38.356829999999995,47.02980000000001
26.071,0.257,33.14032307692308,0.7048769230769237
37.431,60.696,38.356829999999995,47.02980000000001
-16.135,14.047,-37.60887000000002,-16.999239999999997
-47.013,-43.826,-37.60887000000002,-16.999239999999997
-39.495,-46.816,-37.60887000000002,-16.999239999999997
41.762,36.477,38.356829999999995,47.02980000000001
45.143,-0.602,39.63717142857143,-10.59562857142857
-38.002,-58.671,-37.60887000000002,-16.999239999999997
36.701,51.51,38.356829999999995,47.02980000000001
42.055,55.0,38.356829999999995,47.02980000000001
-48.603,-48.157,-37.60887000000002,-16.999239999999997
-40.278,6.234,-37.60887000000002,-16.999239999999997
-37.226,-49.169,-37.60887000000002,-16.999239999999997
42.106,-5.722,39.63717142857143,-10.59562857142857
-43.573,-42.025,-37.60887000000002,-16.999239999999997
-37.876,10.543,-37.60887000000002,-16.999239999999997
-47.068,-40.639,-37.60887000000002,-16.999239999999997
46.383,49.364,38.356829999999995,47.02980000000001
-36.28,6.837,-37.60887000000002,-16.999239999999997
33.783,-4.4,33.14032307692308,0.7048769230769237
-27.159,-36.978,-37.60887000000002,-16.999239999999997
-33.769,3.658,-37.60887000000002,-16.999239999999997
39.404,46.906,38.356829999999995,47.02980000000001
-37.478,8.19,-37.60887000000002,-16.999239999999997
38.104,-3.714,33.14032307692308,0.7048769230769237
-45.833,-38.893,-37.60887000000002,-16.999239999999997
-49.469,9.872,-37.60887000000002,-16.999239999999997
29.578,-12.88,39.63717142857143,-10.59562857142857
-29.979,3.221,-37.60887000000002,-16.999239999999997
51.332,33.892,38.356829999999995,47.02980000000001
36.036,8.254,33.14032307692308,0.7048769230769237
-50.288,-31.553,-37.60887000000002,-16.999239999999997
39.284,49.284,38.356829999999995,47.02980000000001
32.064,44.134,38.356829999999995,47.02980000000001
30.55,32.3,38.356829999999995,47.02980000000001
-45.796,20.457,-37.60887000000002,-16.999239999999997
32.898,-1.209,33.14032307692308,0.7048769230769237
-34.591,17.065,-37.60887000000002,-16.999239999999997
-42.258,-52.146,-37.60887000000002,-16.999239999999997
-32.99,3.431,-37.60887000000002,-16.999239999999997
34.109,-11.657,39.63717142857143,-10.59562857142857
35.443,41.366,38.356829999999995,47.02980000000001
-40.446,9.947,-37.60887000000002,-16.999239999999997
28.891,46.659,38.356829999999995,47.02980000000001
-41.69,-31.116,-37.60887000000002,-16.999239999999997
41.672,36.244,38.356829999999995,47.02980000000001
-20.933,3.171,-37.60887000000002,-16.999239999999997
-23.568,2.163,-37.60887000000002,-16.999239999999997
52.609,-8.938,39.63717142857143,-10.59562857142857
38.686,-17.408,39.63717142857143,-10.59562857142857
-29.648,10.963,-37.60887000000002,-16.999239999999997
-34.541,-31.397,-37.60887000000002,-16.999239999999997
33.808,0.317,33.14032307692308,0.7048769230769237
-35.595,9.714,-37.60887000000002,-16.999239999999997
26.397,44.76,38.356829999999995,47.02980000000001
36.959,-21.304,39.63717142857143,-10.59562857142857
-33.14,6.76,-37.60887000000002,-16.999239999999997
-20.866,13.232,-37.60887000000002,-16.999239999999997
51.567,-10.737,39.63717142857143,-10.59562857142857
45.452,-3.471,39.63717142857143,-10.59562857142857
-46.569,-50.059,-37.60887000000002,-16.999239999999997
-36.12,-42.079,-37.60887000000002,-16.999239999999997
36.192,61.313,38.356829999999995,47.02980000000001
34.924,46.738,38.356829999999995,47.02980000000001
24.633,-13.261,39.63717142857143,-10.59562857142857
-34.513,15.579,-37.60887000000002,-16.999239999999997
-29.01,-9.77,-37.60887000000002,-16.999239999999997
-18.753,-5.845,-37.60887000000002,-16.999239999999997
-46.521,-44.405,-37.60887000000002,-16.999239999999997
-35.317,-1.211,-37.60887000000002,-16.999239999999997
-30.533,-2.48,-37.60887000000002,-16.999239999999997
34.827,58.651,38.356829999999995,47.02980000000001
49.757,56.514,38.356829999999995,47.02980000000001
19.832,2.742,33.14032307692308,0.7048769230769237
-38.882,-35.29,-37.60887000000002,-16.999239999999997
33.95,-14.783,39.63717142857143,-10.59562857142857
37.1,47.275,38.356829999999995,47.02980000000001
42.16,45.515,38.356829999999995,47.02980000000001
-29.814,-43.128,-37.60887000000002,-16.999239999999997
-19.888,10.867,-37.60887000000002,-16.999239999999997
-30.263,-2.524,-37.60887000000002,-16.999239999999997
-45.78,-33.889,-37.60887000000002,-16.999239999999997
-45.907,-29.442,-37.60887000000002,-16.999239999999997
25.293,7.667,33.14032307692308,0.7048769230769237
37.34,52.557,38.356829999999995,47.02980000000001
-52.52,-28.133,-37.60887000000002,-16.999239999999997
-48.981,0.345,-37.60887000000002,-16.999239999999997
19.517,47.515,38.356829999999995,47.02980000000001
41.017,45.472,38.356829999999995,47.02980000000001
33.0,-6.254,33.14032307692308,0.7048769230769237
33.945,51.494,38.356829999999995,47.02980000000001
-24.304,23.288,-37.60887000000002,-16.999239999999997
48.187,41.437,38.356829999999995,47.02980000000001
-50.439,-34.303,-37.60887000000002,-16.999239999999997
-40.285,-32.126,-37.60887000000002,-16.999239999999997
43.971,32.136,38.356829999999995,47.02980000000001
-52.198,6.282,-37.60887000000002,-16.999239999999997
24.801,37.427,38.356829999999995,47.02980000000001
26.326,46.752,38.356829999999995,47.02980000000001
-45.587,-43.532,-37.60887000000002,-16.999239999999997
33.559,-6.75,39.63717142857143,-10.59562857142857
33.739,1.994,33.14032307692308,0.7048769230769237
-48.486,-34.877,-37.60887000000002,-16.999239999999997
-40.376,-41.913,-37.60887000000002,-16.999239999999997
-25.971,11.141,-37.60887000000002,-16.999239999999997
35.512,-0.494,33.14032307692308,0.7048769230769237
-29.358,-53.894,-37.60887000000002,-16.999239999999997
-20.573,4.495,-37.60887000000002,-16.999239999999997
-35.324,4.58,-37.60887000000002,-16.999239999999997
-44.967,11.33,-37.60887000000002,-16.999239999999997
38.305,42.888,38.356829999999995,47.02980000000001
-22.576,-9.833,-37.60887000000002,-16.999239999999997
-46.751,11.957,-37.60887000000002,-16.999239999999997
